Line	Lineori	Yield	DTF	DTM	Lodging	genLOAD	NumMut0.82
L_01_01	1_1	1935.861982	46	82.49931202	1.71639207	447.6853876	13
L_01_02	1_2	1053.733465	45	82.01448473	5.329048642	408.7580766	16
L_01_04	1_4	1771.769047	45	85.01520609	5.103011177	338.1012854	9
L_01_06	1_6	1639.527616	47.5	85.96615786	4.47121563	289.0528167	4
L_01_07	1_7	1354.714024	43	84.50283931	4.060193353	400.1741414	5
L_01_08	1_8	2145.639563	47	86.97565205	3.617558727	348.1684379	5
L_01_09	1_9	1901.682732	46	90.49593123	2.297566039	342.2511794	8
L_01_10	1_10	2141.628225	46	85.08628921	4.389198466	256.4921307	6
L_01_11	1_11	1918.448074	48	86.59051483	4.852093301	350.0738815	13
L_01_12	1_12	1112.350987	45	82.91834442	4.763625525	448.5827128	15
L_01_13	1_13	2130.390705	46	81.40929978	4.485509388	333.573026	7
L_01_14	1_14	1931.600651	45	88.47059139	4.346280106	415.7749365	16
L_01_15	1_15	2077.482848	47	85.46777998	4.668428477	329.8712243	7
L_01_17	1_17	1979.477841	44.5	89.35878298	3.297352624	256.0859947	14
L_01_18	1_18	2048.720597	46	86.58254656	7.234761084	377.0210226	12
L_02_01	2_1	1557.039781	43.5	85.072902	2.113786882	320.1273469	10
L_02_02	2_2	1250.419645	44	81.96366079	3.414770958	379.2503118	17
L_02_03	2_3	1818.799309	46.5	82.44705749	2.610935911	411.2567256	12
L_02_04	2_4	1906.029249	48	87.95269119	4.928330691	363.9194708	8
L_02_05	2_5	1535.499637	43.5	79.56225003	2.85978345	353.383114	9
L_02_06	2_6	2154.908577	47.5	88.10093428	5.803863499	383.1606929	7
L_02_08	2_8	2242.210506	44.5	91.99047158	4.170512986	331.3531306	6
L_02_09	2_9	2160.244301	46	88.68696216	3.611970603	427.1546195	12
L_02_10	2_10	1327.354125	46.5	84.90021116	4.760564108	365.5301087	5
L_02_11	2_11	1890.859252	42.5	83.99618905	4.502507191	418.3721907	14
L_02_12	2_12	1227.836151	47	86.51056314	3.898381804	379.7131035	12
L_02_13	2_13	1572.265286	47.5	88.53752091	7.146744772	352.490359	4
L_02_14	2_14	1522.255383	46	83.51972289	4.760451526	375.8224256	14
L_02_15	2_15	1859.947692	45	83.59023302	5.219975403	419.927769	11
L_02_16	2_16	1746.054521	43.5	84.66666518	4.396108318	300.3325992	5
L_02_17	2_17	981.040192	50.5	87.12746411	3.697166206	461.0594098	12
L_02_18	2_18	544.6791311	43.5	78.53066791	2.086937441	526.0277344	7
L_03_01	3_1	1705.785058	45.5	83.3905966	4.019003467	332.3089721	6
L_03_03	3_3	1479.653344	45	89.92250991	4.585704063	310.3593756	7
L_03_04	3_4	1504.117195	48.5	91.02811142	5.229627139	371.8543685	10
L_03_05	3_5	2184.955191	46	93.43142033	3.243363511	358.7908343	4
L_03_06	3_6	1644.05037	45	85.95701129	2.850320159	382.5625458	7
L_03_09	3_9	1680.550186	46.5	90.82136158	3.603107503	410.4548389	6
L_03_10	3_10	1616.520251	45	89.8917905	4.100043674	278.3819615	4
L_03_11	3_11	1484.434508	46.5	86.46304894	5.871870294	436.290721	12
L_03_12	3_12	1874.888955	47	87.4582562	3.646633024	353.0890181	5
L_03_13	3_13	1654.796903	46.5	83.07679267	1.603462786	347.9943939	13
L_03_14	3_14	1170.313521	43.5	82.99237714	2.749401538	344.2628928	13
L_03_15	3_15	2112.021745	46.5	85.07477951	4.063908075	442.6291975	5
L_03_16	3_16	1709.644719	46.5	82.26189354	1.648582272	402.0396047	6
L_03_17	3_17	1831.878818	45	84.50237445	3.26223227	462.3553855	6
L_03_18	3_18	2181.437001	42.5	83.53750472	3.696433483	400.5045497	12
L_04_01	4_1	1879.138188	47.5	90.52257901	5.639303049	336.4799455	6
L_04_02	4_2	1734.292479	45	85.56884299	1.820163509	258.8278132	13
L_04_03	4_3	2547.420601	45	86.38922209	5.552116462	347.2548741	11
L_04_04	4_4	2175.479234	44	85.02752951	3.503027788	215.6170124	9
L_04_05	4_5	2230.500755	46.5	86.90929857	3.187684359	293.3452609	13
L_04_06	4_6	1178.960097	45.5	84.09851929	4.184894502	384.6050348	9
L_04_07	4_7	1751.885068	44.5	84.52782942	3.759191453	416.145206	7
L_04_08	4_8	2400.04957	48	93.97222365	5.071244258	461.7784489	7
L_04_10	4_10	1354.381362	45	82.56365947	2.92082942	353.9718365	5
L_04_11	4_11	2013.33199	48.5	83.39296232	3.350206284	367.3615833	14
L_04_12	4_12	1789.487823	47	85.54179229	1.352989956	445.8376623	7
L_04_13	4_13	1211.02285	49.5	87.14656336	3.00798684	327.2786177	11
L_04_14	4_14	1744.164092	45	87.03878734	4.665685397	334.5883709	8
L_04_15	4_15	1641.758619	44	90.04824239	5.230566661	362.4416664	8
L_04_16	4_16	2279.029526	45.5	85.51740564	4.004224575	297.1268967	12
L_04_17	4_17	1572.356085	44.5	84.57192596	4.886859217	343.7432964	5
L_04_18	4_18	2049.58984	43.5	85.4332278	3.766468727	350.3945264	13
L_05_01	5_1	2001.825785	45.5	82.92199256	1.729534348	357.2037061	16
L_05_02	5_2	2664.988018	47.5	84.42631462	4.202821793	278.5185452	4
L_05_03	5_3	2006.485243	47	90.0055571	6.521944148	379.7179725	13
L_05_04	5_4	1571.383076	43	82.94592565	4.186845164	408.6779132	6
L_05_05	5_5	2046.245219	45.5	82.02498837	4.687919811	396.9462786	10
L_05_06	5_6	1279.63568	43.5	83.54769433	4.568767305	341.4269299	7
L_05_07	5_7	1624.202137	44.5	91.29043502	6.931986343	429.5085091	7
L_05_08	5_8	1780.071949	46	93.10800869	5.022966839	385.5220818	13
L_05_09	5_9	2013.049495	44.5	86.86433342	4.503402343	418.1764774	9
L_05_10	5_10	2433.955355	44.5	81.02262003	2.843373341	309.1677438	12
L_05_11	5_11	2341.597889	46	84.49881845	2.257649692	272.2050851	12
L_05_12	5_12	2172.863486	44.5	82.00188625	2.501469434	398.6213741	5
L_05_13	5_13	2007.13382	49	96.94155726	6.043588813	394.805082	6
L_05_14	5_14	2771.863298	46.5	88.86469143	6.0848455	324.1188107	4
L_05_15	5_15	3177.535234	47.5	86.19241245	6.111017215	403.6799626	7
L_05_16	5_16	1944.625983	47	86.9468892	6.286496807	363.1002037	5
L_05_17	5_17	1950.766569	45.5	82.98246464	2.979676925	392.8986498	9
L_06_01	6_1	1736.80973	44	83.51785613	3.074977555	348.2242049	14
L_06_02	6_2	1930.404672	48	86.6112168	2.666313806	440.9804814	7
L_06_03	6_3	1602.935695	43	84.11742057	3.980067614	357.9042647	10
L_06_04	6_4	1689.776886	47	85.95031757	5.337974323	518.0679176	8
L_06_05	6_5	1896.246763	47.5	88.53169291	6.431308291	320.8459821	11
L_06_06	6_6	2021.265024	44	83.92355977	1.584573086	352.2826888	4
L_06_07	6_7	2252.471209	47.5	92.50823552	6.077804496	334.6965721	10
L_06_09	6_9	2320.653251	45.5	84.47095804	3.90791216	367.4253737	3
L_06_10	6_10	2100.380634	44.5	85.4471676	3.200110833	379.8429353	7
L_06_11	6_11	2303.603231	44	87.07085249	4.613243983	474.2611786	13
L_06_13	6_13	2327.866895	46	85.452345	5.913964527	404.2249914	13
L_06_15	6_15	1562.397511	42.5	81.86087295	2.145894425	386.3565536	10
L_06_16	6_16	1899.61655	47	86.52237521	5.564764604	352.2216507	14
L_06_17	6_17	1219.56222	47.5	91.55080387	3.759559506	268.6977172	6
L_06_18	6_18	2160.480217	46	84.4208393	2.319666273	430.5214505	8
L_07_02	7_2	1106.584718	45.5	88.9862712	6.476582124	352.7193492	7
L_07_03	7_3	1834.337237	45	84.45068251	3.505269737	328.9103057	4
L_07_06	7_6	2309.560445	45.5	86.40138547	4.884004846	424.2506094	9
L_07_08	7_8	2243.875416	47	89.09989782	4.651531471	417.21473	6
L_07_09	7_9	2047.413449	46.5	82.95992598	3.304418357	344.4829147	12
L_07_10	7_10	1691.35983	49	93.01997973	6.796375946	306.5432589	8
L_07_11	7_11	2127.872794	47	86.46277303	5.169408949	350.1926035	8
L_07_12	7_12	1402.793733	46	86.40679131	4.028091875	334.2166348	2
L_07_13	7_13	2074.308509	46.5	84.37979518	3.754472994	318.1120054	11
L_07_14	7_14	2276.086021	48	87.53698544	4.004553518	323.1015755	11
L_07_15	7_15	3052.241574	47	88.47163108	5.684014988	238.1846716	2
L_07_17	7_17	2213.15699	48	85.36321546	2.87292507	338.1806642	8
L_07_18	7_18	1972.510646	47.5	87.48944921	1.696362848	260.3202876	2
L_08_01	8_1	1440.628782	48.5	82.91207864	5.815828853	432.227163	7
L_08_02	8_2	1352.291624	43	82.41845442	1.295970212	387.4341467	13
L_08_03	8_3	2173.494013	43	83.44502334	3.087748516	460.4891938	14
L_08_04	8_4	2889.48506	44	87.48581194	3.4942041	363.327355	9
L_08_05	8_5	2111.582714	47	89.84378993	4.077632309	239.3564843	13
L_08_06	8_6	2144.659116	47.5	88.96968943	6.076328201	398.04062	18
L_08_07	8_7	2064.94765	48	86.57382329	2.375039465	375.5281942	6
L_08_08	8_8	1941.150494	45.5	83.48808734	3.338982234	347.4268148	4
L_08_09	8_9	1828.84206	47.5	87.01636988	5.432493911	350.3386144	13
L_08_10	8_10	2441.099313	48	91.05544302	3.634849078	404.0121385	6
L_08_11	8_11	2176.633696	47.5	88.01461532	7.847867822	336.8523137	11
L_08_12	8_12	2136.098306	46.5	86.44815164	3.445240153	408.9708192	6
L_08_13	8_13	1601.513131	49.5	85.06124739	4.608683005	381.2745678	19
L_08_14	8_14	2340.341767	48	102.5515815	8.842207791	381.3298576	17
L_08_15	8_15	1580.359098	44.5	88.59897851	3.658446665	299.1030196	7
L_08_16	8_16	1716.276375	46.5	84.53777954	5.136224239	283.1864731	4
L_08_18	8_18	1624.876037	46.5	87.47195569	4.66066073	425.4069321	10
L_09_01	9_1	2103.302754	44.5	85.59303228	3.31873593	363.3189721	13
L_09_02	9_2	1659.630944	43	80.73248609	3.204940182	390.2889289	7
L_09_03	9_3	1148.375498	43	79.12394163	1.441748879	444.1894201	7
L_09_04	9_4	2223.824378	46.5	86.97866235	2.402096191	331.984845	12
L_09_05	9_5	2166.825023	47	86.52192546	3.866297042	425.2995954	13
L_09_06	9_6	1933.955486	46.5	88.09332287	6.145257983	417.3622065	5
L_09_07	9_7	1984.000983	46.5	87.91844924	7.461499717	325.277936	1
L_09_09	9_9	1750.72029	43	85.16718405	4.219770315	422.3971002	5
L_09_10	9_10	2103.229675	42.5	85.45477164	5.021637945	355.8980884	5
L_09_11	9_11	1007.978016	45.5	91.063215	2.644663403	240.0953578	4
L_09_12	9_12	1793.249798	43.5	87.88373725	4.33037368	460.1842723	8
L_09_13	9_13	1651.524301	43.5	81.42722354	3.475607663	353.4829451	11
L_09_14	9_14	1747.090397	44	82.83126321	6.065312158	482.8672	12
L_09_15	9_15	1693.620735	48.5	88.55518005	3.360847108	314.3869461	3
L_09_16	9_16	1804.361066	48.5	88.53136567	1.508265681	231.1418949	4
L_09_17	9_17	1916.260826	44.5	85.89210382	6.858678816	285.3598898	6
L_10_01	10_1	1712.702406	47	103.4859965	6.9239849	362.1139596	6
L_10_02	10_2	1774.693744	49	99.61230035	4.590185844	243.7279961	6
L_10_03	10_3	1768.746239	48	85.48558832	4.126761244	297.4594094	1
L_10_04	10_4	969.0410164	48.5	90.05503211	2.068633781	387.693417	4
L_10_05	10_5	1282.219283	42.5	80.00491251	3.024579188	329.14155	11
L_10_06	10_6	2402.455079	47.5	83.99150042	3.357555867	322.5823024	14
L_10_08	10_8	1763.248537	45.5	84.97316458	4.471974	291.3529248	9
L_10_09	10_9	1639.842688	45.5	82.99033968	2.871228449	341.1412102	6
L_10_10	10_10	1867.403152	44.5	81.50942549	3.810806233	321.3341512	5
L_10_11	10_11	2350.618156	47.5	83.98591211	4.216790624	322.1075301	4
L_10_12	10_12	1732.723341	47	88.40708427	5.298516315	249.4244958	2
L_10_13	10_13	1997.56799	47.5	86.4174464	3.623904875	275.8293039	5
L_10_14	10_14	1595.69467	45	90.50189632	3.831314525	345.2509314	3
L_10_15	10_15	1519.400854	44.5	84.99051742	4.590166364	247.6502259	0
L_10_16	10_16	1631.668767	42.5	81.89585048	2.94471768	374.1244356	9
L_10_17	10_17	1703.452218	45	81.747249	2.94335625	196.4832815	7
L_11_01	11_1	1932.843712	42.5	85.44793719	4.085455123	463.1428897	7
L_11_02	11_2	2561.080698	45	84.50864921	3.095791037	308.5352413	12
L_11_03	11_3	2310.109992	45.5	83.99860846	3.016528722	386.0806969	6
L_11_06	11_6	1977.175602	45.5	81.46212826	3.547125677	434.3308406	16
L_11_07	11_7	2470.356291	44.5	83.62818365	2.769785461	374.2433927	11
L_11_08	11_8	1702.317078	43	84.98212486	5.811560033	335.3633283	11
L_11_09	11_9	1801.308513	46	87.39418457	6.41450797	352.2179525	4
L_11_11	11_11	1103.241852	48.5	86.97328895	4.30893361	442.6560466	13
L_11_13	11_13	1327.287438	45.5	84.564738	2.916113169	406.9580097	5
L_11_14	11_14	1790.149587	47.5	87.54398572	4.597987635	419.4775331	15
L_11_15	11_15	1827.50649	46	86.52045132	4.549909752	278.1658131	14
L_11_16	11_16	1884.94565	44.5	81.53887763	2.957064967	456.2992185	5
L_11_17	11_17	2268.297016	46.5	87.03774631	4.882167694	359.246225	14
L_11_18	11_18	2195.17221	48	86.45950013	2.735386702	376.9021412	15
L_12_01	12_1	2297.42221	47.5	87.14300402	4.037582368	281.7134855	14
L_12_02	12_2	2195.119321	46.5	87.85827531	3.623732216	260.7553021	13
L_12_03	12_3	1536.853987	46.5	87.90495016	5.533065934	286.7726553	7
L_12_05	12_5	1974.756413	45.5	84.90347112	3.319139294	299.9246575	5
L_12_06	12_6	1633.212628	45.5	80.90835705	3.371855643	282.0106284	13
L_12_07	12_7	1598.18868	47	88.56829706	6.552094914	282.6568288	11
L_12_08	12_8	2356.828661	46	86.0799848	3.892936333	428.6568509	10
L_12_09	12_9	1514.276575	47.5	86.51374101	4.265439293	261.2319019	13
L_12_11	12_11	1712.27123	44	86.51560249	2.752641159	238.3387196	4
L_12_12	12_12	2092.543897	44	85.96740565	4.661983764	287.2224598	3
L_12_14	12_14	1856.53759	46.5	85.05413245	5.363353007	378.9954728	7
L_12_15	12_15	2050.328634	46	85.57818303	4.782868305	318.0887751	5
L_12_16	12_16	1846.970835	47.5	83.07465374	2.812514317	387.7852149	6
L_12_17	12_17	1801.627786	46.5	87.64070355	4.732335788	282.4966186	7
L_12_18	12_18	2105.772312	47.5	86.03869786	3.18870039	355.2816594	8
L_13_01	13_1	1381.612934	50	97.05087777	6.721473648	300.8138479	6
L_13_02	13_2	2087.298028	47	88.10949652	4.100501264	260.8774386	3
L_13_03	13_3	2087.344172	45	82.98026043	3.645770617	313.8848034	11
L_13_06	13_6	2048.719259	46.5	86.54438953	3.208386184	270.6018089	7
L_13_08	13_8	1744.225077	48	94.06268792	4.916495261	371.5720174	7
L_13_09	13_9	2079.684989	47	82.99929342	3.271927226	247.5618671	9
L_13_10	13_10	1135.333674	48	88.44295911	2.68032706	315.7031483	9
L_13_11	13_11	1845.701902	44.5	81.02632594	2.794980353	225.9433082	10
L_13_12	13_12	1907.00597	46.5	109.4966173	6.322078696	282.0583535	8
L_13_13	13_13	1742.176086	48.5	85.48256344	4.007460739	353.4100631	13
L_13_14	13_14	1979.056619	46	87.52408142	4.486636974	262.2584541	4
L_13_15	13_15	2289.88192	43	83.63307263	1.976217439	489.7154894	13
L_13_16	13_16	1404.977057	44.5	84.50632743	2.54145916	334.0623446	12
L_13_17	13_17	1219.733827	48.5	88.62684498	3.34916803	408.0602974	8
L_13_18	13_18	1760.139535	47	85.50338848	3.894705291	281.7988559	5
L_14_01	14_1	1995.444924	45	84.05406684	3.494649323	330.8072598	10
L_14_02	14_2	1604.358024	50	89.40428977	4.396262713	279.5827376	3
L_14_03	14_3	1941.224541	47.5	88.03624949	4.454047033	251.322111	7
L_14_04	14_4	1957.576604	47	87.47347805	3.921030899	432.5442939	9
L_14_05	14_5	1895.946611	48	87.31633495	4.037152403	399.2458173	10
L_14_06	14_6	1809.051524	48.5	92.93481358	3.24381192	454.7670919	11
L_14_07	14_7	2144.88048	45.5	85.93301629	6.303287229	479.5447289	13
L_14_08	14_8	2799.057752	46	88.02223885	3.530906699	446.5678722	11
L_14_10	14_10	2315.041083	45	82.32563993	5.016992794	406.9667851	6
L_14_11	14_11	2576.73561	47.5	92.07599789	3.762354688	255.3144289	10
L_14_12	14_12	1694.213159	48	87.62265361	3.332438337	284.7586915	9
L_14_14	14_14	1972.657144	42.5	83.48273248	6.677799728	532.303288	14
L_14_15	14_15	1606.201754	47.5	86.98614892	3.764509113	317.5389222	16
L_14_16	14_16	1351.38781	47.5	88.52012718	2.65283296	338.2638966	9
L_14_17	14_17	1549.912659	45.5	88.60878387	6.349592049	355.5353331	9
L_14_18	14_18	1729.827702	47	88.43975508	4.554750336	315.5680043	8
L_15_01	15_1	2160.009416	47.5	87.99421153	4.382978329	268.1046088	1
L_15_02	15_2	2452.282686	47.5	89.27647378	4.833398411	354.7908233	8
L_15_03	15_3	2313.228284	48	87.47426564	4.880765861	466.3984167	13
L_15_04	15_4	1818.132159	46	86.93158034	5.869609757	371.0862856	7
L_15_05	15_5	2157.072377	45	84.61306371	4.626433056	388.623678	7
L_15_07	15_7	2522.061846	48.5	88.02312835	4.864438398	248.9517478	4
L_15_08	15_8	2202.072355	47	86.5471085	5.259807127	372.5512872	9
L_15_09	15_9	1842.105027	45	86.55010981	2.497316502	291.3362555	5
L_15_11	15_11	1546.572842	45	84.87098687	4.197460077	406.1739594	4
L_15_12	15_12	2079.814565	46.5	85.50578059	4.907991896	469.1523597	8
L_15_13	15_13	2114.25311	49	92.513664	4.972211969	321.8444394	7
L_15_14	15_14	1777.898409	45.5	81.89674027	4.92238817	479.976871	11
L_15_15	15_15	2271.332103	45.5	86.95974421	6.522789594	419.0396474	6
L_15_16	15_16	1831.043032	45	84.0799119	5.860114587	395.4912324	6
L_15_17	15_17	1615.365445	41.5	80.94868635	2.321094626	414.9131019	8
L_16_01	16_1	1737.362361	46	85.90471269	2.266975645	298.3621565	8
L_16_02	16_2	2715.032483	48	86.3566967	4.101249914	267.1070583	7
L_16_04	16_4	2061.897827	48	87.43884764	5.888831018	251.0369505	8
L_16_05	16_5	2507.764463	48.5	87.39396767	3.694773266	285.5193436	7
L_16_06	16_6	1734.113856	46.5	86.7396122	2.271506434	210.5852418	4
L_16_07	16_7	1701.3479	44	82.44674964	3.51025299	283.0061661	2
L_16_08	16_8	1975.248453	45	86.07547039	3.163673367	269.7218335	7
L_16_09	16_9	2117.943032	46.5	83.07381269	2.47248092	390.8566135	10
L_16_11	16_11	1412.997159	46.5	84.54738536	3.103373799	463.1305485	15
L_16_12	16_12	1796.333365	44	87.2375407	3.488443591	297.4108187	3
L_16_15	16_15	2053.35232	45.5	85.7089156	5.022565956	420.2175275	7
L_16_16	16_16	2416.161384	43.5	82.58060438	4.426018055	457.4154668	8
L_16_17	16_17	1923.206519	50	90.98868475	6.255652065	265.2173935	9
L_16_18	16_18	2326.679376	44.5	86.47791813	4.372736888	401.8802568	10
L_17_01	17_1	1438.595212	47.5	88.60141118	6.034963307	376.1884434	12
L_17_02	17_2	2395.528029	48	86.66520697	6.150082934	273.5038829	8
L_17_03	17_3	2161.835676	47	87.90628073	3.927839654	379.3821806	7
L_17_04	17_4	2526.078174	46	89.53175086	3.580996428	254.5965661	12
L_17_05	17_5	1637.389289	44	84.97629296	3.038305514	293.5838083	9
L_17_06	17_6	2505.269823	47	91.93320201	4.991371335	199.5987739	4
L_17_07	17_7	1750.515991	46.5	87.00952845	3.487555222	317.5357768	6
L_17_08	17_8	2153.657154	47.5	89.58141116	7.440159984	369.9652513	5
L_17_09	17_9	2105.825467	46.5	87.00280827	6.664829478	548.6202077	7
L_17_11	17_11	2097.560009	48.5	92.75120427	5.050823893	283.1309288	6
L_17_12	17_12	1877.126794	47	90.02004221	4.54313785	254.728372	11
L_17_13	17_13	2019.778963	46	83.48497374	2.886777625	259.3917024	3
L_17_15	17_15	2185.119985	46	87.08055739	4.728143317	420.2472099	4
L_17_16	17_16	2012.230488	45.5	83.04010758	3.265958909	222.5034417	9
L_17_18	17_18	2022.731066	47	86.66964495	2.904297689	263.7325026	6
L_18_01	18_1	2068.824693	42.5	84.90212518	2.884905613	469.2846745	10
L_18_02	18_2	2297.797605	42.5	83.46317796	2.970100323	381.2375094	7
L_18_03	18_3	1888.900539	48	82.57370844	1.977044529	397.0121207	14
L_18_05	18_5	1959.254768	47.5	84.38414682	5.296595093	247.4876261	4
L_18_06	18_6	2412.990997	45	84.48064086	2.514964614	262.4990192	6
L_18_07	18_7	1778.544347	48	90.99133166	5.967340157	275.6564736	7
L_18_08	18_8	1459.139323	42.5	80.95536023	2.358700095	401.5606553	7
L_18_09	18_9	1249.75747	43.5	82.0318917	1.942539649	412.3564978	14
L_18_10	18_10	1710.246038	43	80.02653234	2.936003833	434.7569672	12
L_18_11	18_11	2127.612079	46.5	90.405577	5.309717385	416.937433	12
L_18_12	18_12	1717.888393	45	85.50309655	1.739154402	328.3020708	11
L_18_15	18_15	1930.316616	47	84.45457569	3.437661662	316.3825411	10
L_18_16	18_16	1815.177419	49	86.44854316	3.474297159	342.7490679	12
L_18_17	18_17	1896.24028	43.5	84.1154711	4.202625852	325.9925725	3
L_18_18	18_18	2278.814488	45.5	86.08897206	4.734072863	322.7016629	7
L_19_01	19_1	2063.500977	48	82.08993296	3.61635602	269.4389371	8
L_19_02	19_2	1677.845647	45.5	85.9306384	4.999619143	339.8080535	12
L_19_03	19_3	2378.584543	46	87.818389	4.352111906	314.4895205	11
L_19_04	19_4	2026.30584	45	86.40356234	5.162715601	457.7784106	5
L_19_05	19_5	1715.777088	45	82.45901643	3.513438112	343.0792374	12
L_19_06	19_6	2162.802323	44.5	88.02773871	3.025490417	287.0060739	4
L_19_08	19_8	1338.466924	46	87.01201659	2.922864081	312.5608302	10
L_19_09	19_9	1692.695277	45.5	84.55955551	6.664788768	430.9564569	4
L_19_10	19_10	2050.005245	46.5	88.80938447	6.394221483	309.0389649	9
L_19_11	19_11	1801.211163	46.5	84.97510555	4.692529174	292.1808954	13
L_19_14	19_14	1708.430772	46	83.33052243	4.372605282	308.3749494	8
L_19_15	19_15	1755.59016	45	87.10350224	3.52308723	288.7180298	9
L_19_16	19_16	2372.775639	47	85.95520893	3.866731573	327.5984545	7
L_19_17	19_17	1933.182985	44	88.46179911	5.57815076	367.3810628	11
L_19_18	19_18	1746.275805	42.5	84.90964706	4.993754552	386.0783451	13
L_20_01	20_1	2129.568339	46.5	84.04355845	4.493530247	271.0853859	10
L_20_02	20_2	1876.712122	45.5	87.93319252	3.912501387	336.7474677	16
L_20_03	20_3	2044.923789	44.5	85.49408213	4.295046088	356.7997301	9
L_20_04	20_4	2369.709922	46	85.97448488	3.861069584	296.7551938	9
L_20_05	20_5	1851.588992	47	90.56848064	3.675615944	288.9477596	3
L_20_06	20_6	1531.98921	45	85.99546568	3.929500872	388.6946065	9
L_20_08	20_8	2015.246176	44	82.09046088	3.548321805	303.1977164	5
L_20_09	20_9	2129.678274	43.5	87.14041729	3.858439196	373.6150077	10
L_20_10	20_10	749.628323	44	99.12969741	2.974051279	316.7134476	9
L_20_11	20_11	1576.784828	43	82.54858111	4.546409383	352.7023123	4
L_20_12	20_12	2155.229211	44	85.9454775	3.874695889	386.5003994	14
L_20_13	20_13	1869.497945	46.5	91.73761158	4.972090132	319.0669438	9
L_20_14	20_14	1809.247292	45	87.11658354	5.02097051	241.5065342	13
L_20_15	20_15	1745.065347	42	80.39141082	3.391592192	347.1525935	11
L_20_16	20_16	2068.624523	44	86.39681274	5.330446991	315.0624175	9
L_20_17	20_17	2016.191467	42.5	82.23759079	2.121220115	494.7651174	13
L_21_01	21_1	2051.45531	43	80.82048895	1.972738237	472.7149502	16
L_21_02	21_2	1926.131536	46.5	85.22738895	4.798530669	407.5909029	8
L_21_03	21_3	1512.064664	44.5	79.92750803	2.215896575	514.7968514	15
L_21_04	21_4	1683.530617	43.5	82.93118461	1.505378482	429.8264219	10
L_21_05	21_5	910.7991753	41.5	79.52065887	4.324362976	635.3885932	7
L_21_06	21_6	949.8313249	43	80.52264392	2.178213536	524.7946343	14
L_21_07	21_7	1868.445772	43	83.57394575	2.924235938	321.9996736	11
L_21_08	21_8	1347.337238	45.5	84.04852935	3.024249372	343.0471311	6
L_21_09	21_9	1729.075533	48	85.48898052	5.760064059	266.3366162	11
L_21_10	21_10	1823.894315	48	86.00057324	1.983029703	436.0971824	14
L_21_11	21_11	1623.824535	44.5	86.45127963	2.9438477	380.0172662	12
L_21_12	21_12	1624.175348	43	82.40473768	1.81377699	415.7353303	10
L_21_13	21_13	1402.032462	45	84.530218	3.321342436	411.8852937	13
L_21_14	21_14	2109.334786	46	85.4945812	2.368219902	298.9584374	7
L_21_15	21_15	1754.125336	45	88.91717856	5.044344521	413.3923563	7
L_21_16	21_16	2906.306924	44	86.49284463	7.451878995	319.2826095	7
L_21_17	21_17	1428.991069	45	81.97883973	4.552182845	381.4720087	7
L_21_18	21_18	1753.22432	42.5	81.57223668	4.893948081	424.7718597	19
L_22_01	22_1	1597.264097	48	85.47643504	4.64285397	350.9889972	13
L_22_02	22_2	2187.177426	45	81.99514969	3.733375585	282.6584711	15
L_22_03	22_3	1649.170663	45.5	83.49918122	2.933270953	326.1618446	7
L_22_04	22_4	1897.021471	44.5	83.64523145	4.385107003	380.0874121	15
L_22_05	22_5	2209.767397	44.5	88.02858426	4.098441621	307.2920688	18
L_22_06	22_6	1719.272242	43.5	85.13397182	5.11240124	304.058518	13
L_22_07	22_7	2251.783991	46	86.51996348	3.392876512	380.3367752	14
L_22_08	22_8	1174.464	42	79.47198303	4.412393749	287.0175879	9
L_22_09	22_9	1435.390005	44	80.93644607	3.77884074	287.0990813	10
L_22_10	22_10	2317.302144	44	82.4594812	3.364577321	317.9454698	3
L_22_11	22_11	1711.993446	46	86.38295473	3.271875822	318.1890208	5
L_22_12	22_12	1836.791046	43.5	85.44010495	1.85634037	259.9331396	8
L_22_13	22_13	1958.822415	44	83.55005942	3.520012395	376.4811695	11
L_22_14	22_14	1799.509177	43	80.29512926	4.792487796	273.157234	7
L_22_15	22_15	2097.433321	45.5	83.98207556	2.482358689	364.9127345	15
L_22_16	22_16	1679.843514	43.5	82.30317115	2.868005399	294.0372405	9
L_22_17	22_17	2093.349232	45.5	85.03010409	3.678582309	385.8230487	15
L_22_18	22_18	2175.744054	47.5	86.58741998	5.75507185	329.645281	16
L_23_01	23_1	1473.435972	44.5	82.03130576	3.066558508	380.5503807	9
L_23_03	23_3	1973.583279	46.5	86.0468542	6.076330855	365.7811453	5
L_23_04	23_4	2048.474025	44	84.03049689	3.564912803	366.6642606	11
L_23_05	23_5	2600.490584	48.5	84.35941754	4.846797916	311.4732788	3
L_23_06	23_6	2617.730499	46.5	86.88405952	5.056608605	337.3596181	7
L_23_07	23_7	2170.255356	49	86.34415428	4.688855608	394.7917461	15
L_23_08	23_8	1791.18544	43	85.9693633	5.428477996	289.9257492	6
L_23_09	23_9	1851.150925	46	88.35026372	2.307173334	213.879562	5
L_23_10	23_10	1658.89006	44.5	86.67557806	3.94521735	357.063882	10
L_23_12	23_12	1859.702639	43.5	88.59523952	4.488818527	276.1081813	13
L_23_13	23_13	2099.42365	45.5	82.53686843	2.773563762	338.9387176	12
L_23_15	23_15	1806.912019	45	84.96131813	3.50113676	328.1361208	12
L_23_16	23_16	2423.025063	46	83.12798716	3.876988903	423.0478652	12
L_23_17	23_17	1806.350457	48.5	88.67372271	4.013539408	328.4759775	3
L_24_01	24_1	1446.959844	43	85.52711759	4.351285177	550.9018463	7
L_24_02	24_2	1240.627175	43	85.04362202	5.274406158	300.4591022	2
L_24_03	24_3	2213.666046	44.5	83.83882662	4.312772749	285.0082233	8
L_24_04	24_4	2021.507753	46	83.35532614	4.456546986	373.3717054	14
L_24_05	24_5	2040.549935	50.5	90.23513005	3.28010775	347.6178767	12
L_24_07	24_7	2064.889022	45	86.52140358	3.688644521	272.1603371	2
L_24_08	24_8	2650.470736	48	85.73928891	4.051906352	367.4606221	7
L_24_09	24_9	1701.655538	42.5	82.88345751	3.423066793	386.8622403	6
L_24_10	24_10	2096.391127	45.5	84.0012672	4.788775317	233.3135136	4
L_24_12	24_12	2363.214449	44.5	87.90729212	2.970782744	344.3036273	4
L_24_13	24_13	2031.575793	46	83.97093165	4.028057801	355.6040739	8
L_24_14	24_14	2277.874595	47	89.4863697	3.105640522	399.8288592	6
L_24_15	24_15	2409.455233	46.5	84.04019937	1.930294751	375.9757488	8
L_24_16	24_16	2370.942777	45.5	84.04860735	2.705885886	420.650148	9
L_24_17	24_17	1790.017951	45.5	87.95442635	4.007751952	373.0008914	5
L_24_18	24_18	1896.954666	48.5	96.01444115	2.412545877	367.1405949	4
L_25_02	25_2	1350.318305	44.5	85.47066408	2.29897743	321.2138001	8
L_25_04	25_4	1664.905704	43	81.98292126	1.345842464	329.4223081	5
L_25_05	25_5	2553.869344	45.5	85.98465738	3.880447035	286.7264627	4
L_25_06	25_6	2039.114245	48	85.56620626	2.070006355	415.6785619	12
L_25_07	25_7	1812.184907	48	86.99647732	8.039798275	342.6008388	5
L_25_08	25_8	1966.148441	44	89.43034563	6.102037926	416.329758	13
L_25_09	25_9	2106.993707	44	86.54823694	5.574841874	332.7966935	8
L_25_11	25_11	2566.507261	45	88.19026777	7.516766921	219.5521393	9
L_25_12	25_12	1882.818532	44	101.5550155	7.998088701	353.8881399	5
L_25_13	25_13	1541.603459	46	96.00730988	5.067548424	371.6121216	7
L_25_14	25_14	2096.617416	45.5	85.46012715	5.459690429	424.0781667	13
L_25_15	25_15	1581.65599	43	80.0616497	1.670078624	364.6064819	5
L_25_16	25_16	2091.844898	44.5	82.45660797	2.528592118	310.7367281	10
L_25_17	25_17	1951.329442	47.5	86.46620753	6.221158594	321.3231275	11
L_26_02	26_2	1864.517933	48.5	84.52770708	4.110422225	402.4335706	8
L_26_03	26_3	1856.997568	45.5	87.96343853	3.965801701	370.8821903	7
L_26_04	26_4	2284.555151	45.5	84.45885519	4.562614001	197.1728167	5
L_26_05	26_5	2392.784352	47	86.5498134	4.88965559	304.0892827	4
L_26_06	26_6	2096.951462	45	86.59578414	4.066696754	428.6632083	5
L_26_07	26_7	1760.546927	43.5	87.02760722	4.97996746	412.7702885	10
L_26_09	26_9	1295.714059	43	79.44730318	2.140753404	411.0494443	9
L_26_10	26_10	1744.386449	45.5	86.54236296	4.67138908	460.065702	7
L_26_11	26_11	1626.532043	47.5	85.55219415	2.483671261	332.0657613	6
L_26_12	26_12	1893.061223	46	85.93832084	4.153346934	398.6492454	12
L_26_14	26_14	1808.144523	46	85.48988465	3.117606544	338.0104458	13
L_26_15	26_15	2153.139294	47.5	85.85465573	4.853379507	385.6195918	7
L_26_17	26_17	2073.794335	46	87.52674006	4.426246498	288.1409526	13
L_26_18	26_18	1681.354541	47.5	88.32989835	4.788197703	361.2136415	12
L_27_01	27_1	1452.577831	43	78.97038198	2.900529558	412.1597981	7
L_27_02	27_2	1985.549453	44	84.04091389	5.051153898	388.024387	5
L_27_03	27_3	676.6865812	45	81.83001265	2.222282669	328.7709893	7
L_27_06	27_6	2412.034138	45	85.96267016	3.907418794	336.1607131	11
L_27_07	27_7	2115.125807	47.5	86.54403787	5.817199167	381.4470228	12
L_27_08	27_8	2003.892269	45.5	83.92563972	1.568307588	399.702846	7
L_27_09	27_9	1103.396747	44.5	85.53206362	1.869585273	437.1544554	10
L_27_10	27_10	2101.575032	44.5	86.79448615	3.121205741	376.3273575	3
L_27_11	27_11	1770.607445	44.5	82.57110722	2.585004328	404.8721631	13
L_27_12	27_12	1861.953924	45.5	89.39890959	6.870867255	288.6855382	5
L_27_13	27_13	1536.436839	43.5	82.96204348	2.597352509	556.5813448	17
L_27_14	27_14	2096.335084	48.5	84.97399538	3.35537062	392.8771305	10
L_27_16	27_16	2425.245987	46.5	99.53329796	1.656178355	311.4688096	2
L_27_17	27_17	2119.681926	46.5	86.16594815	4.579132384	414.8561428	7
L_28_02	28_2	2005.598345	46	86.98605952	2.655125119	402.9064803	5
L_28_03	28_3	1347.133976	45	86.89124759	4.485727814	400.7050431	6
L_28_04	28_4	2212.86267	46.5	89.39439051	3.933283014	291.2375715	5
L_28_05	28_5	1614.965228	46	86.05745142	4.444864884	356.5682016	4
L_28_06	28_6	2746.316955	45.5	86.015604	4.370323314	389.4914487	11
L_28_07	28_7	2154.92884	46.5	84.01209342	4.5150728	426.5099134	10
L_28_08	28_8	1740.063605	46	87.5820367	5.510235059	322.1371268	4
L_28_09	28_9	2017.199535	43.5	86.98443023	5.151579915	370.0908468	11
L_28_10	28_10	2393.473178	44.5	86.41967282	2.733369355	346.3476833	4
L_28_12	28_12	1218.598601	48	89.00465162	5.578117762	400.4964878	7
L_28_13	28_13	1825.070093	47	92.26609801	7.736477914	337.6682497	4
L_28_14	28_14	1967.309531	43.5	85.96421057	3.081428046	370.577559	7
L_28_15	28_15	1511.090014	45.5	86.60886113	6.162388959	362.0355948	5
L_28_16	28_16	2215.797931	46	96.08252795	5.424574373	453.7067097	6
L_28_17	28_17	1928.169407	45.5	85.9410249	2.459084625	330.0414101	11
L_29_01	29_1	1610.910094	43.5	83.09495365	3.343640683	325.7720612	5
L_29_02	29_2	1616.700983	44	87.10471063	3.919635083	288.1596566	4
L_29_04	29_4	1755.607316	43	81.57292687	3.421245524	384.2500168	8
L_29_05	29_5	1914.434826	48	87.04150632	5.352756493	340.0901011	12
L_29_06	29_6	1799.527972	43	79.94617154	3.718424522	364.5257104	3
L_29_08	29_8	1440.416255	47.5	87.05447201	3.726283796	408.0765893	14
L_29_09	29_9	2408.115784	48	86.52926181	5.080123391	283.2439224	3
L_29_10	29_10	1888.955029	47.5	87.52767786	5.010228129	377.1663407	10
L_29_11	29_11	1821.784618	47.5	85.94634507	5.47150723	337.0920854	5
L_29_12	29_12	1980.506948	46.5	85.50183293	4.45490242	315.0526943	5
L_29_13	29_13	1625.375903	47	86.62235836	4.696066195	379.5624296	13
L_29_14	29_14	1910.788314	48.5	86.41708071	6.463674587	415.6295055	13
L_29_15	29_15	2419.455339	47.5	92.94851849	4.357462554	285.2823014	4
L_29_16	29_16	1677.252587	47	85.860931	6.107515135	337.9697569	5
L_29_17	29_17	2245.84487	47	87.35659733	2.354005384	384.7301147	8
L_29_18	29_18	2170.550767	43	85.32891119	4.32321858	413.8058298	5
L_30_01	30_1	1377.65607	45.5	85.91771293	3.893452293	286.7836695	9
L_30_02	30_2	907.3124442	43	85.1184731	6.636471825	327.7669185	5
L_30_03	30_3	1773.586081	45	85.97678322	4.653930331	308.2213428	12
L_30_04	30_4	2102.203849	44.5	84.45341081	3.661142789	266.0034761	13
L_30_05	30_5	1882.230717	44	85.01177896	3.712748239	320.1125016	15
L_30_06	30_6	1700.403336	45	86.34344487	5.710387527	281.8456223	4
L_30_08	30_8	2421.133833	46.5	86.4656565	4.145859163	243.7301504	4
L_30_09	30_9	1536.860307	44.5	84.49507883	3.157664632	388.1325225	11
L_30_10	30_10	2334.799171	45	83.64751179	3.56561	341.1193343	7
L_30_11	30_11	2261.25804	43	82.04172805	1.871010345	482.4793508	14
L_30_12	30_12	1508.823151	42.5	82.43723966	1.948677111	398.6111055	10
L_30_13	30_13	1965.642136	44	85.54444488	4.05008166	363.6638197	5
L_30_14	30_14	1736.272471	42.5	84.10726331	4.377902592	375.7026753	9
L_30_15	30_15	2212.515267	44.5	83.84381742	2.71031174	284.5170818	4
L_30_17	30_17	1468.812256	45.5	83.89348276	3.518222558	307.1028382	5
L_30_18	30_18	1454.795835	44	81.46415716	3.273962874	303.7014075	8
L_31_01	31_1	1360.417357	47	95.88947906	7.956982144	239.8560581	1
L_31_03	31_3	1892.744423	46.5	85.47305429	5.695570241	331.9120402	5
L_31_04	31_4	1016.479044	43	81.01813422	3.184537606	401.8028693	8
L_31_06	31_6	2491.075404	46	86.84853197	3.248153132	271.81447	5
L_31_07	31_7	1320.983007	49	86.56912472	3.847305595	315.0887052	4
L_31_10	31_10	2139.934559	46.5	87.11889907	3.213139448	333.5128721	12
L_31_13	31_13	2179.697346	46.5	86.04747875	5.553635398	380.3226138	3
L_31_14	31_14	1464.117725	44.5	82.14183368	4.4913214	485.2528055	11
L_31_15	31_15	1834.006441	43.5	82.37297709	4.803025375	423.1925125	6
L_31_16	31_16	1761.844033	49	102.6137269	1.509453248	460.0760427	15
L_31_17	31_17	2145.211871	43.5	81.81114743	3.720278494	231.8573596	4
L_31_18	31_18	1641.512823	44.5	87.59638762	1.588156929	357.366151	12
L_32_02	32_2	2097.499365	43.5	85.02580779	3.705990012	316.3417054	19
L_32_05	32_5	2321.935874	47	88.91819513	6.250878137	362.9173208	7
L_32_06	32_6	2442.46597	46	85.48418052	4.584595254	328.0957096	13
L_32_07	32_7	1698.484754	45.5	83.54312307	5.738319175	434.4655515	16
L_32_08	32_8	922.768803	42	82.24410994	4.327260211	400.3677019	11
L_32_10	32_10	2409.213859	46	83.95944646	3.101467205	374.3258758	13
L_32_11	32_11	2339.151293	46.34934744	85.30700437	5.947585637	313.3990015	9
L_32_12	32_12	2127.186514	47.5	86.40533277	5.408294641	256.1114583	13
L_32_13	32_13	1198.366572	43	81.46040272	2.394122785	402.8387558	12
L_32_14	32_14	1657.932262	45.5	84.05866135	4.809657091	414.1241999	14
L_32_17	32_17	1909.346856	48	84.56545542	5.383075055	343.8781962	15
L_33_01	33_1	2426.763649	42.5	83.9495903	4.435706972	409.040479	15
L_33_02	33_2	1989.49403	46.5	86.03145959	3.97740398	518.3829661	11
L_33_03	33_3	1602.828794	45.5	86.20718598	5.915081037	380.0743403	11
L_33_04	33_4	2425.682564	44.5	83.5685522	4.883502529	505.3871433	16
L_33_05	33_5	1484.148755	45.5	86.13396787	3.289312144	339.1406274	11
L_33_06	33_6	2277.561939	47	88.01237439	5.902767836	360.5237833	19
L_33_07	33_7	1455.998093	48	84.98716223	4.14357113	399.8186513	5
L_33_08	33_8	2170.924404	47.5	87.00849771	4.779319019	390.2012602	17
L_33_10	33_10	1841.616836	46.5	89.3352881	3.781627063	305.9186835	7
L_33_11	33_11	1852.818123	46.5	85.4310373	3.319305736	372.9527156	11
L_33_12	33_12	1887.584307	44.5	85.29714291	3.819493962	392.1428264	9
L_33_14	33_14	2537.334645	45.5	86.50988591	3.843408455	329.1519252	11
L_33_15	33_15	1702.992495	44.5	85.01138497	2.044476452	358.9382471	7
L_33_16	33_16	2009.788605	47.5	87.49339023	3.873829035	446.9840242	7
L_33_18	33_18	1974.002514	45.5	84.61171113	2.693319522	321.2789706	3
L_34_01	34_1	1119.864378	46.5	87.93439823	4.023932161	388.2562042	6
L_34_03	34_3	1498.176134	42.5	80.82735301	3.662121389	417.8794771	9
L_34_04	34_4	2221.644168	46.5	86.99853809	2.169066546	282.47468	7
L_34_05	34_5	1775.806424	47	89.56336282	4.174954933	311.2324091	8
L_34_06	34_6	1922.122332	45	85.08837849	5.238494564	362.6305267	15
L_34_09	34_9	1975.974067	45	85.97712919	4.823768253	318.2827599	8
L_34_10	34_10	2073.523687	47.5	91.07344716	2.138411653	319.4047041	6
L_34_11	34_11	1754.477922	47.5	91.11561052	5.864554928	349.4545477	14
L_34_12	34_12	1458.508624	46	81.04175115	3.703346253	316.5445682	12
L_34_13	34_13	1671.14526	45	86.43257085	2.0076378	228.8687669	7
L_34_14	34_14	2368.309838	47	85.05213316	3.846822135	266.1017592	8
L_34_15	34_15	1210.690997	46.5	83.22485142	3.099234243	355.5315463	8
L_34_16	34_16	2095.23962	44.5	83.40555369	3.643695168	309.0499593	9
L_34_17	34_17	1511.202379	43.5	79.24729173	3.320680509	425.8665742	15
L_35_01	35_1	2180.889049	46.5	87.92266031	3.046871396	323.1216802	4
L_35_02	35_2	1453.70053	44	85.548235	3.076670127	378.4995461	10
L_35_03	35_3	2545.790058	44.5	86.97761932	4.783428822	438.4479016	6
L_35_04	35_4	2084.186746	44.5	83.39125101	2.901041882	453.9956617	8
L_35_05	35_5	1542.679305	47.5	92.98701751	4.619027574	317.8665011	9
L_35_06	35_6	1845.565914	48	85.02008894	3.154275064	347.4055875	8
L_35_07	35_7	1655.979141	46.5	85.09498037	5.921439512	360.8646376	8
L_35_08	35_8	1753.121356	43.5	83.42588401	4.721091081	310.3502674	14
L_35_09	35_9	2038.91355	47	87.06208414	5.881402423	289.5956991	6
L_35_10	35_10	1907.844762	45	85.46551864	3.398604853	278.9728284	11
L_35_12	35_12	1814.313128	44	81.99832486	3.239274996	303.1547796	3
L_35_13	35_13	1700.079809	42.5	85.07729846	3.843888194	461.5220966	12
L_35_15	35_15	2016.098323	43	84.9844211	2.768986503	377.1687228	13
L_35_16	35_16	1181.464333	47	85.9599542	4.660717447	381.6461333	15
L_35_17	35_17	2475.285941	45	100.7518165	6.27599648	391.3633244	3
L_35_18	35_18	1133.162101	44	84.47318578	4.666491086	378.2844366	9
